10.700001,2.9794445
10.700001,2.9683335
10.700001,2.9692936
10.700001,2.969908
10.700001,2.9703012
10.700001,2.9647455
10.700001,2.9669971
10.700001,2.9684381
10.700001,2.9693604
10.700001,2.9699507
10.700001,2.9703283
10.700001,2.9705703
10.700001,2.9650147
10.700001,2.9671695
10.700001,2.9685485
10.700001,2.9694312
10.700001,2.969996
10.700001,2.9703574
10.700001,2.9705887
10.700001,2.965033
10.700001,2.9671812
10.700001,2.9685562
10.700001,2.969436
10.700001,2.969999
10.700001,2.9703596
10.700001,2.97059
10.700001,2.9650345
10.700001,2.9671822
10.700001,2.9685566
10.700001,2.9694364
10.700001,2.9699993
10.700001,2.9703598
10.700001,2.9705904
10.700001,2.9650347
10.700001,2.9671822
10.700001,2.9685566
10.700001,2.9694364
10.700001,2.9699993
10.700001,2.9703598
10.700001,2.9705904
10.700001,2.9650347
10.700001,2.9671822
10.700001,2.9685566
10.700001,2.9694364
10.700001,2.9699993
10.700001,2.9703598
10.700001,2.9705904
10.700001,2.9650347
10.700001,2.9671822
10.700001,2.9685566
10.700001,2.9694364
10.700001,2.9699993
10.700001,2.9703598
10.700001,2.9705904
10.700001,2.9650347
10.700001,2.9671822
10.700001,2.9685566
10.700001,2.9694364
10.700001,2.9699993
10.700001,2.9703598
10.700001,2.9705904
10.700001,2.9650347
10.700001,2.9671822
10.700001,2.9685566
10.700001,2.9694364
10.700001,2.9699993
10.700001,2.9703598
10.700001,2.9705904
10.700001,2.9650347
10.700001,2.9671822
10.700001,2.9685566
10.700001,2.9694364
10.700001,2.9699993
10.700001,2.9703598
10.700001,2.9705904
10.700001,2.9650347
10.700001,2.9671822
10.700001,2.9685566
10.700001,2.9694364
10.700001,2.9699993
10.700001,2.9703598
10.700001,2.9705904
10.700001,2.9650347
10.700001,2.9671822
10.700001,2.9685566
10.700001,2.9694364
10.700001,2.9699993
10.700001,2.9703598
10.700001,2.9705904
10.700001,2.9650347
10.700001,2.9671822
10.700001,2.9685566
10.700001,2.9694364
10.700001,2.9699993
10.700001,2.9703598
10.700001,2.9705904
10.700001,2.9650347
10.700001,2.9671822
10.700001,2.9685566
10.700001,2.9694364
10.700001,2.9699993
10.700001,2.9703598
10.700001,2.9705904
10.700001,2.9650347
10.700001,2.9671822
10.700001,2.9685566
10.700001,2.9694364
10.700001,2.9699993
10.700001,2.9703598
10.700001,2.9705904
10.700001,2.9650347
10.700001,2.9671822
10.700001,2.9685566
10.700001,2.9694364
10.700001,2.9699993
10.700001,2.9703598
10.700001,2.9705904
10.700001,2.9650347
10.700001,2.9671822
10.700001,2.9685566
10.700001,2.9694364
10.700001,2.9699993
10.700001,2.9703598
10.700001,2.9705904
10.700001,2.9650347
10.700001,2.9671822
10.700001,2.9685566
10.700001,2.9694364
10.700001,2.9699993
10.700001,2.9703598
10.700001,2.9705904
10.700001,2.9650347
10.700001,2.9671822
10.700001,2.9685566
10.700001,2.9694364
10.700001,2.9699993
10.700001,2.9703598
10.700001,2.9705904
10.700001,2.9650347
10.700001,2.9671822
10.700001,2.9685566
10.700001,2.9694364
10.700001,2.9699993
10.700001,2.9703598
10.700001,2.9705904
10.700001,2.9650347
10.700001,2.9671822
10.700001,2.9685566
10.700001,2.9694364
10.700001,2.9699993
10.700001,2.9703598
10.700001,2.9705904
10.700001,2.9650347
10.700001,2.9671822
10.700001,2.9685566
10.700001,2.9694364
10.700001,2.9699993
10.700001,2.9703598
10.700001,2.9705904
10.700001,2.9650347
10.700001,2.9671822
10.700001,2.9685566
10.700001,2.9694364
10.700001,2.9699993
10.700001,2.9703598
10.700001,2.9705904
10.700001,2.9650347
10.700001,2.9671822
10.700001,2.9685566
10.700001,2.9694364
10.700001,2.9699993
10.700001,2.9703598
10.700001,2.9705904
10.700001,2.9650347
10.700001,2.9671822
10.700001,2.9685566
10.700001,2.9694364
10.700001,2.9699993
10.700001,2.9703598
10.700001,2.9705904
10.700001,2.9650347
10.700001,2.9671822
10.700001,2.9685566
10.700001,2.9694364
10.700001,2.9699993
10.700001,2.9703598
10.700001,2.9705904
10.700001,2.9650347
10.700001,2.9671822
10.700001,2.9685566
10.700001,2.9694364
10.700001,2.9699993
10.700001,2.9703598
10.700001,2.9705904
10.700001,2.9650347
10.700001,2.9671822
10.700001,2.9685566
10.700001,2.9694364
10.700001,2.9699993
10.700001,2.9703598
10.700001,2.9705904
10.700001,2.9650347
10.700001,2.9671822
10.700001,2.9685566
10.700001,2.9694364
10.700001,2.9699993
10.700001,2.9703598
10.700001,2.9705904
10.700001,2.9650347
10.700001,2.9671822
10.700001,2.9685566
10.700001,2.9694364
10.700001,2.9699993
10.700001,2.9703598
10.700001,2.9705904
10.700001,2.9650347
10.700001,2.9671822
10.700001,2.9685566
10.700001,2.9694364
10.700001,2.9699993
10.700001,2.9703598
10.700001,2.9705904
10.700001,2.9650347
10.700001,2.9671822
10.700001,2.9685566
10.700001,2.9694364
10.700001,2.9699993
10.700001,2.9703598
10.700001,2.9705904
10.700001,2.9650347
10.700001,2.9671822
10.700001,2.9685566
10.700001,2.9694364
10.700001,2.9699993
10.700001,2.9703598
10.700001,2.9705904
10.700001,2.9650347
10.700001,2.9671822
10.700001,2.9685566
10.700001,2.9694364
10.700001,2.9699993
10.700001,2.9703598
10.700001,2.9705904
10.700001,2.9650347
10.700001,2.9671822
10.700001,2.9685566
10.700001,2.9694364
10.700001,2.9699993
10.700001,2.9703598
10.700001,2.9705904
10.700001,2.9650347
10.700001,2.9671822
10.700001,2.9685566
10.700001,2.9694364
10.700001,2.9699993
10.700001,2.9703598
10.700001,2.9705904
10.700001,2.9650347
10.700001,2.9671822
10.700001,2.9685566
10.700001,2.9694364
10.700001,2.9699993
10.700001,2.9703598
10.700001,2.9705904
10.700001,2.9650347
10.700001,2.9671822
10.700001,2.9685566
10.700001,2.9694364
10.700001,2.9699993
10.700001,2.9703598
10.700001,2.9705904
10.700001,2.9650347
10.700001,2.9671822
10.700001,2.9685566
10.700001,2.9694364
10.700001,2.9699993
10.700001,2.9703598
10.703056,2.9705904
10.7091675,2.9650347
10.718334,2.9671822
10.7305565,2.9685566
10.745834,2.9694364
10.764168,2.9699993
10.785557,2.9703598
10.810001,2.9705904
10.837502,2.9650347
10.868057,3.097257
10.901669,3.2239237
10.938335,3.3450348
10.978058,3.4605904
11.020836,3.5705903
11.066669,3.6750348
11.115559,3.7739236
11.167503,3.8672569
11.222504,3.9550347
11.28056,4.0372567
11.341671,4.1139235
11.404727,4.1850348
11.467783,4.2505903
11.530839,4.3105903
11.593895,4.3650346
11.656951,4.4139233
11.720007,4.457257
11.783063,4.4950347
11.846119,4.527257
11.909175,4.5539236
11.972231,4.5750346
12.035287,4.59059
12.098343,4.6005898
12.161399,4.6050344
12.224455,4.6039233
12.287511,4.5972567
12.343622,4.5850344
12.392789,4.5672565
12.435011,4.543923
12.470288,4.515034
12.498622,4.48059
12.520011,4.44059
12.534455,4.3950343
12.541955,4.343923
12.542511,4.2872562
12.539455,4.225034
12.533344,4.1572566
12.524178,4.0839233
12.511955,4.0050344
12.496677,3.92059
12.478344,3.8305898
12.456955,3.7350342
12.43251,3.633923
12.40501,3.5272563
12.3744545,3.415034
12.340843,3.2972562
12.304176,3.1739228
12.264454,3.045034
12.221676,2.970961
12.175842,2.9654055
12.126953,2.9674196
12.075008,2.961864
12.020008,2.965153
11.961952,2.9595973
11.900841,2.9709556
11.837785,2.9654
11.774729,3.0976222
11.711673,3.224289
11.648617,3.3454
11.585561,3.4609556
11.522505,3.5709555
11.459449,3.6754
11.396393,3.774289
11.333337,3.8676221
11.270281,3.9554
11.207225,4.037622
11.144169,4.114289
11.081113,4.1854
11.018057,4.245435
10.955001,4.295475
10.891945,4.335994
10.828889,4.3677497
10.765833,4.3916717
10.702777,4.408165
10.639721,4.417805
10.576665,4.4211764
10.513609,4.418726
10.450553,4.41072
10.387497,4.397158
10.324441,4.3780413
10.261385,4.3533688
10.198329,4.3231406
10.135273,4.287357
10.072217,4.2460175
10.009161,4.1991224
9.946105,4.1466722
9.883049,4.0886664
9.819993,4.025105
9.756937,3.955988
9.693881,3.8813152
9.630825,3.8010871
9.567769,3.7153034
9.504713,3.623964
9.441657,3.527069
9.378601,3.4246187
9.315545,3.3166127
9.252489,3.203051
9.189433,3.083934
9.126377,2.970961
9.063321,2.9654055
9.000265,2.9674196
8.937209,2.961864
8.874153,2.9709644
8.811097,2.9709773
8.748041,2.9709854
8.684985,2.9654298
8.621929,2.9674351
8.558873,2.9674351
8.495817,2.9674351
8.432761,2.9687185
8.369705,2.9695399
8.306649,2.9700656
8.243593,2.970402
8.180537,2.9706173
8.117481,2.970755
8.054425,2.9708433
7.9913697,2.9708998
7.928314,2.9709358
7.8652587,2.970959
7.802203,2.9654033
7.7391477,2.9674182
7.676092,2.9674182
7.6130366,2.9674182
7.549981,2.9618626
7.4869256,2.9507515
7.42387,2.934085
7.3608146,2.9118626
7.297759,2.884085
7.2347035,2.8507516
7.171648,2.8118627
7.1085925,2.7674181
7.045537,2.7174182
6.9824815,2.6618626
6.919426,2.6007514
6.8563704,2.5340848
6.793315,2.4618626
6.7302594,2.3840847
6.667204,2.3007514
6.6041484,2.2118626
6.5749607,2.117418
6.5749745,2.0174181
6.571919,1.9118626
6.565808,1.8007514
6.556641,1.764961
6.544419,1.7649751
6.529141,1.7649841
6.5108075,1.7649899
6.4894185,1.7649935
6.464974,1.7649959
6.437474,1.7649975
6.406918,1.7649984
6.3733068,1.764999
6.33664,1.7649994
6.2969174,1.7649996
6.2541394,1.7649999
6.2083063,1.7649999
6.1594176,1.7649999
6.1074734,1.7649999
6.0524735,1.7649999
5.994418,1.7649999
5.933307,1.7649999
5.8702517,1.7649999
5.807196,1.7649999
5.7441406,1.7649999
5.681085,1.7649999
5.6180296,1.7649999
5.554974,1.7649999
5.4919186,1.7649999
5.428863,1.7649999
5.3658075,1.7649999
5.302752,1.7649999
5.2396965,1.7649999
5.176641,1.7649999
5.1135855,1.7649999
5.05053,1.7649999
4.9874744,1.7649999
4.924419,1.7649999
4.8613634,1.7649999
4.798308,1.7649999
4.7352524,1.7649999
4.672197,1.7649999
4.6091413,1.7649999
4.546086,1.7649999
4.4830303,1.7649999
4.419975,1.7649999
4.366919,1.7649999
4.320808,1.9027777
4.2816415,2.0349998
4.249419,2.1616666
4.2241416,2.2827778
4.205808,2.3983333
4.1944194,2.5083332
4.189975,2.6127777
4.192475,2.7116666
4.1980305,2.8049998
4.2066417,2.8927777
4.2183084,2.975
4.233031,3.0516665
4.2508087,3.1227777
4.271642,3.1883333
4.2955313,3.2483332
4.322476,3.3027778
4.352476,3.3516667
4.385532,3.395
4.4216433,3.4294868
4.4608097,3.4557567
4.5030317,3.4743958
4.5483093,3.486092
4.5966425,3.4913092
4.648031,3.490568
4.6955314,3.484271
4.7391424,3.4724188
4.778865,3.455011
4.814698,3.4320474
4.8466425,3.4035282
4.874698,3.3694537
4.8988647,3.3298235
4.9191427,3.2846377
4.9355316,3.2338965
4.9480314,3.1775997
4.9566426,3.1157472
4.9613647,3.0483394
4.9621983,2.975376
4.9621983,2.9649608
4.9621983,2.9649749
4.965254,2.964984
4.971365,2.9649897
4.9805317,2.9649935
4.992754,2.9649956
5.008032,3.1027734
5.0263653,3.2349956
5.0477543,3.3616624
5.072199,3.4827735
5.099699,3.598329
5.1302547,3.708329
5.163866,3.8127735
5.200533,3.9116623
5.2402554,4.004996
5.2830334,4.0927734
5.3288665,4.1749954
5.377755,4.2516623
5.4227552,4.316797
5.463866,4.3713293
5.5010886,4.4162636
5.534422,4.452131
5.563866,4.4796066
5.586366,4.4994683
5.6019216,4.512221
5.6105328,4.518442
5.6121993,4.5186467
5.6091437,4.5132794
5.6030326,4.5023565
5.593866,4.4858785
5.5816436,4.463845
5.5663657,4.4362555
5.5480323,4.4031105
5.5266433,4.36441
5.5021987,4.3201537
5.4746985,4.270342
5.444143,4.214975
5.4105315,4.170961
5.3738647,4.1709747
5.334142,4.170984
5.291364,4.1709895
5.245531,4.1709933
5.1966424,4.308771
5.144698,4.4409933
5.0896983,4.56766
5.031643,4.688771
4.970532,4.8043265
4.9074764,4.9143267
4.844421,5.018771
4.7813654,5.11766
4.71831,5.2109933
4.6552544,5.298771
4.592199,5.380993
4.5291433,5.4576597
4.466088,5.528771
4.4030323,5.5943265
4.339977,5.6543264
4.2769213,5.7087708
4.2138658,5.7576594
4.1508102,5.797251
4.0877547,5.8282127
4.024699,5.8512545
3.9616437,5.867029
3.8985882,5.876012
3.8355327,5.8787336
3.7724771,5.875694
3.7094216,5.8670983
3.6463661,5.852947
3.5833106,5.8332405
3.520255,5.807978
3.4571996,5.77716
3.394144,5.740787
3.3310885,5.6988583
3.268033,5.651374
3.2049775,5.598334
3.1488664,5.539738
3.0996997,5.475587
3.0574775,5.4058805
3.0221996,5.36496
2.9938662,5.364974
2.9724774,5.364983
2.958033,5.364989
2.9505332,5.3649926
2.9499776,5.364995
2.9530332,5.3649964
2.9591444,5.3649974
2.968311,5.3649983
2.9805334,5.3649983
2.9958112,5.502776
3.0141447,5.6349983
3.0355337,5.761665
3.059978,5.882776
3.087478,5.9983315
3.1180334,6.1083317
3.1516445,6.212776
3.188311,6.311665
3.2280333,6.4049983
3.270811,6.492776
3.3166444,6.574998
3.3655334,6.6516647
3.4174778,6.722776
3.472478,6.7883315
3.5305336,6.8483315
3.5916448,6.902776
3.6547003,6.9516644
3.7177558,6.994998
3.7808113,7.032776
3.8438668,7.064998
3.9069223,7.091665
3.9699779,7.112776
4.0330334,7.128331
4.096089,7.138331
4.1591444,7.1427755
4.2222,7.1416645
4.2852554,7.134998
4.348311,7.1227756
4.4113665,7.1049976
4.474422,7.081664
4.5374775,7.0527754
4.600533,7.018331
4.6635885,6.978331
4.726644,6.9709606
4.7896996,6.9709744
4.852755,6.9709835
4.9158106,6.970989
4.978866,6.970993
5.0419216,6.9709954
5.104977,6.970997
5.1680326,6.970998
5.231088,6.970999
5.2941437,6.970999
5.357199,6.970999
5.4202547,6.970999
5.48331,6.970999
5.5463657,6.970999
5.6094213,6.970999
5.672477,6.970999
5.7355323,6.970999
5.798588,6.970999
5.8616433,7.1087766
5.924699,7.2409987
5.9877543,7.3676653
6.05081,7.488776
6.1138654,7.604332
6.176921,7.714332
6.2399764,7.8187766
6.303032,7.9176655
6.3660874,8.010999
6.429143,8.098777
6.4921985,8.180999
6.555254,8.257666
6.6183095,8.322724
6.681365,8.37744
6.7444205,8.422272
6.807476,8.458103
6.8705316,8.48572
6.933587,8.505616
6.9966426,8.518392
7.059698,8.524655
7.1227536,8.524877
7.185809,8.519525
7.2488647,8.508617
7.31192,8.492154
7.3749757,8.470136
7.438031,8.442561
7.5010867,8.409431
7.564142,8.370747
7.6271977,8.326506
7.6902533,8.27671
7.753309,8.221357
7.8163643,8.16045
7.87942,8.093987
7.9424753,8.021969
8.005531,7.9443946
8.068587,7.8612647
8.131643,7.7725797
8.194699,7.678339
8.257755,7.5785427
8.320811,7.473191
8.383867,7.362283
8.446923,7.24582
8.509979,7.1238017
8.573035,6.9962277
8.636091,6.863098
8.699147,6.724413
8.762203,6.580172
8.825259,6.4303756
8.888315,6.3709607
8.951371,6.3709745
9.014427,6.3709836
9.077483,6.5087614
9.140539,6.6409836
9.203595,6.76765
9.266651,6.888761
9.329707,7.004317
9.392763,7.114317
9.455819,7.2187614
9.518875,7.3176503
9.581931,7.4109836
9.644987,7.498761
9.708043,7.580983
9.771099,7.65765
9.834155,7.728761
9.897211,7.794317
9.960267,7.8543167
10.023323,7.904026
10.086379,7.9445505
10.149435,7.9763236
10.212491,8.000037
10.275547,8.016442
10.338603,8.026002
10.401659,8.029256
10.464715,8.026719
10.527771,8.018627
10.590827,8.004979
10.653883,7.9857755
10.716939,7.9610167
10.779995,7.930702
10.843051,7.894832
10.906107,7.8534064
10.969163,7.806425
11.032219,7.753888
11.095275,7.6957955
11.158331,7.632148
11.221387,7.5629444
11.284443,7.4881854
11.347499,7.407871
11.410555,7.3220005
11.473611,7.2305746
11.536667,7.1335936
11.599723,7.031057
11.662779,6.9229646
11.725835,6.8093166
11.788891,6.690113
11.845002,6.565354
11.897224,6.435039
11.945558,6.364961
11.990002,6.364975
12.030558,6.364984
12.0672245,6.3649898
12.096947,6.3649936
12.119724,6.364996
12.135557,6.502774
12.144446,6.634996
12.146391,6.7616625
12.143335,6.8827734
12.137224,6.998329
12.1280575,7.1083293
12.115835,7.212774
12.100557,7.3116627
12.082224,7.404996
12.060835,7.4857774
12.03639,7.554716
12.00889,7.612662
11.978334,7.660746
11.944723,7.699469
11.908056,7.7296133
11.868334,7.7519593
11.825556,7.7670426
11.779722,7.77538
11.730833,7.7775474
11.678888,7.7739863
11.623888,7.7648697
11.565832,7.7501974
11.511665,7.72997
11.461388,7.704187
11.414999,7.672848
11.372499,7.635954
11.333888,7.593504
11.299166,7.5454984
11.2683325,7.491937
11.241388,7.432821
11.218332,7.368149
11.199165,7.297921
11.1838875,7.222138
11.172499,7.140799
11.164999,7.0539045
11.161387,6.961455
11.161387,6.8634496
11.161387,6.7598886
11.164443,6.650772
11.170554,6.5361
11.179721,6.415872
11.191943,6.364961
11.207221,6.364975
11.225554,6.364984
11.246943,6.3649898
11.271388,6.3649936
11.298888,6.364996
11.329444,6.3649974
11.356111,6.3649983
11.378888,6.3649993
11.397777,6.3594437
11.409721,6.3483324
11.4147215,6.3316655
11.412777,6.3094435
11.407777,6.281666
11.399721,6.2483325
11.38861,6.2094436
11.374443,6.164999
11.374644,6.114999
11.374855,6.0594435
11.374942,5.9983325
11.374976,5.931666
11.37499,5.8594437
11.374996,5.781666
11.374999,5.6983323
11.374999,5.609443
11.374999,5.514999
11.374999,5.414999
11.374999,5.3094435
11.374999,5.1983323
11.374999,5.0816655
11.374999,4.959443
11.374999,4.8316655
11.371943,4.6983323
11.365832,4.5594435
11.356666,4.414999
11.344443,4.264999
11.329165,4.109443
11.310832,3.948332
11.289443,3.7816653
11.264998,3.6094432
11.237498,3.437221
11.206943,3.264999
11.173331,3.0927768
11.136664,2.970961
11.096942,2.9709752
11.054164,2.9654195
11.00833,2.9674284
10.959441,2.9674284
10.907496,2.9674284
10.852496,2.9687142
10.79444,2.9695373
10.733329,2.970064
10.670273,2.9704008
10.607217,2.9706166
10.544161,2.9707546
10.481105,2.970843
10.418049,2.9708996
10.354993,2.9709358
10.291937,2.970959
10.228881,2.970974
10.165825,2.9709835
10.102769,2.9709895
10.039713,2.9709933
9.976657,2.970996
9.913601,2.9709976
9.850545,2.9709985
9.787489,2.970999
9.724433,2.9709995
9.661377,2.9709997
9.598321,2.9709997
9.535265,3.1087775
9.472209,3.2409997
9.409153,3.3676665
9.346097,3.4887776
9.283041,3.6043332
9.219985,3.714333
9.156929,3.8187776
9.093873,3.9176664
9.030817,4.0109997
8.967761,4.091766
8.904705,4.160626
8.841649,4.21864
8.785538,4.2667093
8.733315,4.305478
8.684982,4.3356514
8.640538,4.3580194
8.599982,4.3730655
8.563315,4.381406
8.530538,4.383563
8.501649,4.3799953
8.476649,4.370872
8.448594,4.356193
8.417483,4.3359585
8.383317,4.3101687
8.346095,4.2788234
8.305818,4.2419224
8.262485,4.1994658
8.216096,4.1514535
8.166652,4.0978856
8.114152,4.038762
8.058597,3.9740832
7.9999857,3.903849
7.938319,3.828059
7.8752637,3.7467134
7.812208,3.6598122
7.7491527,3.5673556
7.686097,3.4693434
7.6230416,3.3657756
7.559986,3.2566524
7.4969306,3.1419735
7.433875,3.021739
7.3708196,2.8959491
7.307764,2.7646036
7.2447085,2.6277025
7.181653,2.4852457
7.1185975,2.3372335
7.055542,2.1836658
6.9924865,2.0245423
6.936375,1.8598635
6.884153,1.764961
6.8358197,1.7649751
6.791375,1.7649841
6.7508197,1.7649899
6.714153,1.7649935
6.681375,1.7649959
6.6524863,1.7649975
6.627486,1.7649984
6.606375,1.764999
6.589153,1.7649994
6.5758195,1.7649996
6.5663753,1.7649999
6.5608196,1.7649999
6.559153,1.7649999
6.559153,1.7649999
6.559153,1.7649999
6.559153,1.7649999
6.559153,1.7649999
6.5622087,1.7649999
6.56832,1.7649999
6.5774865,1.7649999
6.589709,1.7649999
6.6049867,1.7649999
6.62332,1.7649999
6.644709,1.7649999
6.6691537,1.7649999
6.696654,1.7649999
6.7272096,1.9027777
6.760821,2.0349998
6.7974877,2.1616666
6.83721,2.2827778
6.879988,2.3983333
6.9258213,2.5083332
6.97471,2.6127777
7.0266542,2.7116666
7.081654,2.8049998
7.1397095,2.8927777
7.2008204,2.975
7.263876,3.0516665
7.3269315,3.1227777
7.389987,3.1883333
7.4530425,3.2483332
7.516098,3.3027778
7.5791535,3.3516667
7.642209,3.395
7.7052646,3.4327776
7.76832,3.465
7.8313756,3.4916666
7.894431,3.5127776
7.9574866,3.5266423
8.020542,3.5339444
8.083598,3.535116
8.139709,3.5306387
8.191932,3.5206058
8.240265,3.5050173
8.284709,3.4838731
8.325265,3.4571736
8.361932,3.4249184
8.39471,3.3871076
8.423598,3.3437414
8.448598,3.2948196
8.469709,3.2403421
8.486932,3.1803093
8.49721,3.1147208
8.500543,3.0435767
8.497487,2.9668772
8.491376,2.9683616
8.482209,2.9693115
8.469987,2.9699194
8.454709,2.9699194
8.436376,2.9703085
8.414987,2.964753
8.390542,2.967059
8.363042,2.9684777
8.332486,3.1062555
8.298875,3.2384777
8.262208,3.3651445
8.222486,3.4862556
8.179708,3.6018112
8.133874,3.711811
8.084985,3.8162556
8.03304,3.9151444
7.97804,4.0084777
7.919985,4.0962553
7.858874,4.1784773
7.7958183,4.255144
7.732763,4.3262553
7.6697073,4.391811
7.606652,4.451811
7.5435963,4.506255
7.4805408,4.555144
7.417485,4.5984774
7.3544297,4.6362553
7.291374,4.6684775
7.2283187,4.695144
7.165263,4.716255
7.1022077,4.7318106
7.039152,4.7418103
6.9760966,4.746255
6.913041,4.745144
6.8499856,4.738477
6.78693,4.726255
6.7238746,4.708477
6.660819,4.6851435
6.5977635,4.656255
6.534708,4.6218104
6.4716525,4.5818105
6.408597,4.536255
6.3455415,4.4851437
6.282486,4.428477
6.2194304,4.366255
6.156375,4.298477
6.103319,4.225144
6.057208,4.170961
6.0180416,4.1709747
5.9858193,4.170984
5.9605417,4.1709895
5.9422083,4.1709933
5.9308195,4.1709957
5.926375,4.170997
5.928875,4.170998
5.9344306,4.170999
5.943042,4.170999
5.9547086,4.170999
5.969431,4.170999
5.987209,4.170999
6.0080423,4.170999
6.0249867,4.170999
6.0380425,4.170999
6.0472093,4.170999
6.052487,4.170999
6.053876,4.170999
6.053876,4.170999
6.053876,4.170999
6.053876,4.170999
6.053876,4.170999
6.053876,4.170999
6.053876,4.170999
6.053876,4.170999
6.053876,4.170999
6.053876,4.170999
6.053876,4.170999
6.0569315,4.170999
6.0630426,4.170999
6.0722094,4.170999
6.0844316,4.170999
6.0997095,4.170999
6.118043,4.170999
6.139432,4.170999
6.1638765,4.170999
6.1913767,4.170999
6.2219324,4.170999
6.2555437,4.170999
6.2922106,4.170999
6.331933,4.170999
6.374711,4.308777
6.420544,4.440999
6.469433,4.5676656
6.521377,4.6887765
6.5694327,4.8043323
6.6105437,4.9143324
6.6447105,5.018777
6.6719327,5.117666
6.6922107,5.210999
6.705544,5.2987766
6.7119327,5.3809986
6.711377,5.4511757
6.707766,5.510791
6.7010994,5.560161
6.691377,5.6000986
6.6785994,5.6315155
6.662766,5.654913
6.643877,5.670929
6.6219325,5.6801944
6.5969324,5.683174
6.5688767,5.6803646
6.5377655,5.6719995
6.5035987,5.6580787
6.4663763,5.6386023
6.4260983,5.6135707
6.382765,5.5829835
6.3363757,5.5468407
6.286931,5.505142
6.234431,5.457888
6.1788754,5.4050784
6.1202645,5.3467135
6.058598,5.282793
5.9955425,5.213317
5.932487,5.138285
5.8694315,5.057698
5.806376,4.9715548
5.7433205,4.879856
5.680265,4.7826023
5.6172094,4.679793
5.554154,4.571428
5.4910984,4.457507
5.428043,4.338031
5.3649874,4.212999
5.3019314,4.170961
5.238876,4.1709747
5.1758204,4.170984
5.112765,4.1709895
5.0497093,4.3087673
4.986654,4.4409895
4.9235983,4.567656
4.860543,4.688767
4.7974873,4.8043227
4.7344317,4.914323
4.671376,5.0187674
4.6083207,5.117656
4.545265,5.2109895
4.4822097,5.298767
4.419154,5.380989
4.3560987,5.457656
4.293043,5.528767
4.2299876,5.5943227
4.166932,5.6543226
4.1038766,5.708767
4.040821,5.7576556
3.9777656,5.797098
3.91471,5.827883
3.8516545,5.8508587
3.788599,5.866482
3.7255435,5.875318
3.662488,5.8779373
3.5994325,5.874798
3.536377,5.8661027
3.4733214,5.8518524
3.410266,5.8320465
3.3472104,5.806685
3.284155,5.775768
3.2210994,5.739295
3.1580439,5.6972666
3.0949883,5.6496825
3.0319328,5.5965433
2.9688773,5.5378485
2.9058218,5.473598
2.8427663,5.403792
2.7797108,5.36496
2.7166553,5.364974
2.6605442,5.364983
2.6113775,5.364989
2.5691552,5.3649926
2.5338774,5.364995
2.505544,5.3649964
2.4841552,5.3649974
2.4697108,5.3649983
2.462211,5.3649983
2.4616554,5.3649983
2.464711,5.3649983
2.470822,5.3649983
2.4799888,5.3649983
2.492211,5.3649983
2.507489,5.3649983
2.5258224,5.3649983
2.5472114,5.502776
2.5716558,5.6349983
2.5991557,5.761665
2.6297112,5.882776
2.6633222,5.9983315
2.6999888,6.1083317
2.739711,6.212776
2.7824888,6.311665
2.8283222,6.4049983
2.877211,6.492776
2.9291556,6.574998
2.9841557,6.6516647
3.0422113,6.722776
3.1033225,6.7883315
3.166378,6.8483315
3.2294335,6.902776
3.292489,6.9516644
3.3555446,6.994998
3.4186,7.032776
3.4816556,7.064998
3.544711,7.091665
3.6077666,7.112776
3.6708221,7.128331
3.7338777,7.138331
3.7969332,7.1427755
3.8599887,7.1416645
3.9230442,7.134998
3.9860997,7.1227756
4.049155,7.1049976
4.1122108,7.081664
4.1752663,7.0527754
4.238322,7.018331
4.3013773,6.978331
4.364433,6.9709606
4.4274883,6.9709744
4.490544,6.9709835
4.5535994,6.970989
4.616655,6.970993
4.6797104,6.9709954
4.742766,6.970997
4.8058214,6.970998
4.868877,6.970999
4.9319324,7.1087766
4.994988,7.2409987
5.0580435,7.3676653
5.121099,7.488776
5.1841545,7.604332
5.24721,7.714332
5.3102655,7.8187766
5.373321,7.9176655
5.4363766,8.010999
5.499432,8.098777
5.5624876,8.180999
5.625543,8.251455
5.6885986,8.310821
5.751654,8.36008
5.8147097,8.400089
5.877765,8.431411
5.9408207,8.454716
5.996932,8.470709
6.0460987,8.479882
6.0883207,8.48281
6.1235986,8.479962
6.151932,8.47156
6.173321,8.457601
6.187765,8.4380865
6.1952653,8.413016
6.195821,8.382391
6.192765,8.3462105
6.186654,8.304474
6.1774874,8.257182
6.165265,8.204334
6.149987,8.145931
6.1385984,8.081972
6.1310983,8.012458
6.127487,7.937388
6.127487,7.8567624
6.127487,7.7705812
6.127487,7.678845
6.127487,7.581553
6.127487,7.4787054
6.127487,7.370302
6.1244316,7.2563434
6.1183205,7.136829
6.1091537,7.0117593
6.0969315,6.9709606
6.0816536,6.9709744
6.06332,6.9709835
6.041931,6.970989
6.0174866,6.970993
5.9899864,6.9709954
5.9663754,6.970997
5.946653,6.970998
5.933875,7.1087756
5.928042,7.240998
5.929153,7.3676643
5.9333196,7.4887753
5.9405417,7.604331
5.9508195,7.714331
5.964153,7.8187757
5.9805417,7.9176645
5.999986,8.010998
6.022486,8.098776
6.048042,8.180998
6.076653,8.251386
6.1083198,8.310738
6.143042,8.359896
6.18082,8.399853
6.2216535,8.431156
6.2655425,8.454443
6.312487,8.470448
6.3624873,8.479634
6.4085984,8.482535
6.4508204,8.479675
6.489154,8.471259
6.523598,8.457288
6.554154,8.43776
6.577765,8.412678
6.594432,8.38204
6.6072097,8.345846
6.6160984,8.304097
6.6280427,8.256792
6.6430426,8.203932
6.661098,8.145515
6.682209,8.081544
6.7063756,8.012017
6.7335978,7.9369345
6.7638755,7.8562965
6.797209,7.770103
6.8335977,7.678354
6.873042,7.581049
6.915542,7.4781885
6.9610977,7.3697724
7.009709,7.2558007
7.0613756,7.136274
7.116098,7.0111914
7.173876,6.8805532
7.2347093,6.7443595
7.297765,6.60261
7.3608203,6.455305
7.423876,6.302445
7.4869313,6.144029
7.549987,5.9800577
7.6130424,5.8105307
7.676098,5.6383085
7.7391534,5.4660864
7.802209,5.2938643
7.8652644,5.121642
7.92832,4.94942
7.9913754,4.777198
8.054431,4.6049757
8.117487,4.4327536
8.180543,4.2605314
8.243599,4.0883093
8.306655,3.9160872
8.369711,3.743865
8.432767,3.5716429
8.495823,3.3994207
8.558879,3.2271986
8.621935,3.0549765
8.684991,2.970961
8.748047,2.9709752
8.811103,2.9654195
8.874159,2.9674284
8.937215,2.9674284
9.000271,2.9674284
9.063327,2.9687142
9.126383,2.9695373
9.189439,2.970064
9.252495,2.9704008
9.315551,2.9706166
9.378607,2.9707546
9.441663,2.970843
9.504719,2.9708996
9.567775,2.9709358
9.630831,2.970959
9.693887,2.970974
9.756943,2.9709835
9.819999,2.9709895
9.883055,2.9709933
9.946111,2.970996
10.009167,2.9709976
10.072223,2.9709985
10.135279,2.970999
10.198335,2.9709995
10.261391,2.9709997
10.324447,2.9709997
10.387503,2.9709997
10.450559,2.9709997
10.513615,2.9709997
10.576671,2.9709997
10.639727,2.9709997
10.702783,2.9709997
10.765839,2.9709997
10.828895,2.9709997
10.891951,2.9709997
10.955007,2.9709997
11.018063,2.9709997
11.081119,2.9709997
11.13723,2.9709997
11.189452,2.9709997
11.237785,2.9709997
11.282229,2.9709997
11.322785,2.9709997
11.359452,2.9709997
11.39223,2.9709997
11.421119,2.9709997
11.446118,2.9709997
11.46723,2.9709997
11.484452,2.9709997
11.497786,2.9709997
11.50723,2.9709997
11.512785,2.9709997
11.514452,2.9709997
11.514452,2.9709997
11.514452,2.9709997
11.514452,2.9709997
11.514452,2.9709997
11.514452,2.9709997
11.514452,2.9709997
11.514452,2.9709997
11.514452,2.9709997
11.514452,2.9709997
11.517508,2.9709997
11.523619,2.9709997
11.532785,2.9709997
11.545008,2.9709997
11.560286,2.9709997
11.578619,2.9709997
11.600008,2.9709997
11.624453,2.9709997
11.651953,2.9709997
11.682508,2.9709997
11.709175,2.9709997
11.731953,2.9709997
11.750841,2.9709997
11.762786,2.9709997
11.767786,2.9709997
11.7658415,2.9709997
11.760841,2.9709997
11.752786,2.9709997
11.741674,2.9709997
11.727508,3.1087775
11.710285,3.2409997
11.690007,3.3676665
11.666674,3.4887776
11.640285,3.6043332
11.61084,3.714333
11.57834,3.8187776
11.542784,3.9176664
11.504172,4.0109997
11.462505,4.0987773
11.417783,4.1809993
11.370005,4.257666
11.319171,4.3287773
11.265282,4.3887553
11.208337,4.438545
11.148336,4.479048
11.08528,4.5108166
11.022224,4.534545
10.959168,4.551004
10.896112,4.560605
10.833056,4.563894
10.77,4.561383
10.706944,4.553316
10.643888,4.5396943
10.5808325,4.520517
10.5177765,4.495784
10.4547205,4.465495
10.3916645,4.429651
10.3286085,4.388251
10.2655525,4.3412957
10.202497,4.288785
10.139441,4.2307186
10.076385,4.1670966
10.013329,4.097919
9.950273,4.0231857
9.887217,3.942897
9.824161,3.8570528
9.761105,3.7656531
9.698049,3.6686978
9.634993,3.566187
9.571937,3.4581203
9.508881,3.3444984
9.445825,3.2253208
9.382769,3.1005876
9.319713,2.970299
9.256657,2.9705515
9.193601,2.9649959
9.130545,2.9671574
9.067489,2.9616017
9.004433,2.9709635
8.941377,2.9654078
8.878321,2.967421
8.815265,2.9687095
8.752209,3.1064873
8.689153,3.2387094
8.626097,3.3653762
8.563041,3.4864874
8.499985,3.602043
8.436929,3.7120428
8.373873,3.8164873
8.310817,3.9153762
8.247761,4.0087094
8.184705,4.096487
8.121649,4.178709
8.058593,4.255376
7.9955373,4.326487
7.932482,4.3920426
7.8694263,4.4520426
7.8063707,4.5017242
7.743315,4.5422153
7.6802597,4.573983
7.617204,4.597678
7.5541487,4.614077
7.491093,4.623663
7.4280376,4.6269355
7.364982,4.624407
7.3019266,4.6163225
7.238871,4.6026826
7.1758156,4.583487
7.11276,4.558736
7.0497046,4.5284295
6.986649,4.4925675
6.9235935,4.45115
6.860538,4.4041767
6.7974825,4.351648
6.734427,4.2935634
6.6713715,4.2299237
6.608316,4.1607285
6.5749993,4.0859776
6.5749993,4.005671
6.5749993,3.9198089
6.5749993,3.8283913
6.5749993,3.7314181
6.5749993,3.6288893
6.5749993,3.5208051
6.5749993,3.4071653
6.5749993,3.2879698
6.5749993,3.1632187
6.5749993,3.0329123
6.5749993,2.8970501
6.5749993,2.7556324
6.5749993,2.6086593
6.5749993,2.4561305
6.5749993,2.298046
6.5749993,2.1344063
6.5749993,1.9652109
6.5719438,1.7929887
6.5658326,1.764961
6.556666,1.7649751
6.5444436,1.7649841
6.5291657,1.7649899
6.5108323,1.7649935
6.4894433,1.7649959
6.4649987,1.7649975
6.4374986,1.7649984
6.406943,1.764999
6.3733315,1.7649994
6.3366647,1.7649996
6.296942,1.7649999
6.254164,1.7649999
6.208331,1.7649999
6.1594424,1.7649999
6.107498,1.7649999
6.0524983,1.7649999
5.994443,1.7649999
5.933332,1.7649999
5.8702765,1.7649999
5.807221,1.7649999
5.7441654,1.7649999
5.68111,1.7649999
5.6180544,1.7649999
5.554999,1.7649999
5.4919434,1.7649999
5.428888,1.7649999
5.3658323,1.7649999
5.302777,1.7649999
5.2397213,1.7649999
5.176666,1.7649999
5.1136103,1.7649999
5.0505548,1.7649999
4.987499,1.7649999
4.9244437,1.7649999
4.861388,1.7649999
4.7983327,1.7649999
4.735277,1.7649999
4.6722217,1.7649999
4.609166,1.7649999
4.5461106,1.7649999
4.483055,1.7649999
4.4199996,1.7649999
4.356944,1.7649999
4.2938886,1.7649999
4.230833,1.7649999
4.1677775,1.7649999
4.104722,1.7649999
4.0486107,1.7649999
3.999444,1.7649999
3.9572217,1.7649999
3.921944,1.9027777
3.8936105,2.0349998
3.8722217,2.1616666
3.8577774,2.2827778
3.8502774,2.3983333
3.849722,2.5083332
3.8527775,2.6127777
3.8588886,2.7116666
3.8680553,2.8049998
3.8802776,2.8927777
3.8955555,2.975
3.913889,3.0516665
3.935278,3.1227777
3.9597223,3.1883333
3.9872222,3.2483332
4.017778,3.3027778
4.051389,3.3516667
4.088056,3.3911264
4.1277785,3.4220586
4.1705565,3.445109
4.2163897,3.460814
4.2652783,3.4697418
4.3172226,3.4724512
4.3722224,3.469393
4.430278,3.4607792
4.491389,3.4466097
4.5544443,3.426885
4.6175,3.4016044
4.6805553,3.3707683
4.743611,3.3343768
4.8066664,3.2924297
4.869722,3.244927
4.925833,3.1918685
4.9780555,3.1332548
5.0263886,3.0690854
5.070833,2.9993603
5.1113887,2.9649608
5.1549997,2.9649749
5.2016664,2.964984
5.2513885,2.9649897
5.3041663,2.9649935
5.3599997,2.9649956
5.4188886,3.1027734
5.480833,3.2349956
5.5438886,3.3616624
5.606944,3.4827735
5.6699996,3.598329
5.733055,3.708329
5.7891665,3.8127735
5.838333,3.9116623
5.880555,4.004996
5.915833,4.0927734
5.944166,4.1749954
5.965555,4.2516623
5.9799995,4.3227735
5.9874997,4.383048
5.988055,4.4330616
5.9849997,4.473633
5.9788885,4.505645
5.969722,4.5296197
5.9574995,4.5461483
5.9422216,4.555894
5.923888,4.5593147
5.902499,4.5569124
5.8780546,4.5489545
5.8505545,4.535441
5.8199987,4.5163717
5.7863874,4.491747
5.7497206,4.461567
5.709998,4.4258313
5.66722,4.38454
5.621387,4.337693
5.5724983,4.2852907
5.520554,4.2273326
5.465554,4.1638193
5.407499,4.1664042
5.346388,4.168059
5.2833323,4.169118
5.220277,4.1697955
5.1572213,4.170229
5.094166,4.308007
5.0311103,4.440229
4.968055,4.5668955
4.9049993,4.6880064
4.8419437,4.803562
4.778888,4.9135623
4.7158327,5.018007
4.652777,5.1168957
4.5897217,5.210229
4.526666,5.2980065
4.4636106,5.3802285
4.400555,5.4568954
4.3374996,5.5280066
4.274444,5.593562
4.2113886,5.653562
4.148333,5.7080064
4.0852776,5.756895
4.022222,5.8002286
3.9591665,5.8345838
3.896111,5.860714
3.8330555,5.8793573
3.77,5.8909736
3.7069445,5.8961186
3.643889,5.8953376
3.5808334,5.889001
3.517778,5.8771086
3.4547224,5.8596606
3.391667,5.836657
3.3286114,5.808098
3.2655559,5.773983
3.2025003,5.734313
3.1394448,5.6890874
3.0763893,5.638306
3.0133338,5.5819693
2.9572227,5.5200768
2.9050004,5.4526286
2.8597226,5.3796253
2.8213894,5.36496
2.7900004,5.364974
2.765556,5.364983
2.7480562,5.364989
2.7375007,5.3649926
2.7338896,5.364995
2.7369452,5.3649964
2.7430563,5.3649974
2.752223,5.3649983
2.7644453,5.502776
2.7797232,5.6349983
2.7980566,5.761665
2.8194456,5.882776
2.84389,5.9983315
2.8713899,6.1083317
2.9019454,6.212776
2.9355564,6.311665
2.972223,6.4049983
3.0119452,6.492776
3.054723,6.574998
3.093612,6.6516647
3.128612,6.7167435
3.159723,6.771633
3.1869452,6.8165402
3.2102785,6.8524504
3.229723,6.880177
3.2452786,6.900166
3.2569454,6.913029
3.264723,6.9193788
3.268612,6.9196744
3.268612,6.9143915
3.268612,6.903553
3.268612,6.887159
3.2655563,6.865209
3.2594452,6.8377037
3.2502785,6.8046427
3.2380562,6.766026
3.2227783,6.721854
3.204445,6.672127
3.1830559,6.6168437
3.1586115,6.556005
3.1311116,6.4896107
3.1005561,6.4176607
3.066945,6.3401556
3.0302784,6.257095
2.9905562,6.1684785
2.9477785,6.0743065
2.901945,5.974579
2.8530562,5.8692956
2.8011117,5.7584567
2.7461116,5.6420627
2.688056,5.520113
2.6269448,5.3926077
2.5638893,5.36496
2.5077782,5.364974
2.455556,5.364983
2.4072225,5.364989
2.375,5.3649993
2.375,5.3649993
2.375,5.3649993
2.3780556,5.3649993
2.3841667,5.3649993
2.3933334,5.3649993
2.4055557,5.3649993
2.4208336,5.3649993
2.439167,5.3649993
2.460556,5.3649993
2.4850004,5.3649993
2.5125003,5.3649993
2.5430558,5.3649993
2.5766668,5.3649993
2.6133335,5.3649993
2.6530557,5.3649993
2.6958334,5.3649993
2.7416668,5.3649993
2.7905557,5.3649993
2.8425002,5.3649993
2.8975003,5.3649993
2.955556,5.502777
3.0166671,5.6349993
3.0797226,5.761666
3.1427782,5.8827767
3.2058337,5.9983325
3.2688892,6.1083326
3.3319447,6.212777
3.3950002,6.311666
3.4580557,6.4049993
3.5211112,6.492777
3.5841668,6.574999
3.6472223,6.6516657
3.7102778,6.722777
3.7733333,6.7883325
3.8363888,6.8483324
3.8994443,6.9027767
3.9624999,6.9516654
4.0255556,6.994999
4.088611,7.032777
4.1516666,7.064999
4.214722,7.0916657
4.2777777,7.1127768
4.340833,7.128332
4.4038887,7.138332
4.466944,7.1427765
4.5299997,7.1416655
4.5930552,7.134999
4.656111,7.1227765
4.7191663,7.1049986
4.782222,7.081665
4.8452773,7.0527763
4.908333,7.018332
4.9713883,6.978332
5.034444,6.9709606
5.0974994,6.9709744
5.160555,6.9709835
5.2236104,6.970989
5.286666,6.970993
5.3497214,6.9709954
5.412777,6.970997
5.4758325,6.970998
5.538888,6.970999
5.6019435,6.970999
5.664999,6.970999
5.7280545,6.970999
5.79111,6.970999
5.8541656,6.970999
5.917221,6.970999
5.9802766,7.1087766
6.043332,7.2409987
6.1063876,7.3676653
6.169443,7.488776
6.2324986,7.604332
6.295554,7.714332
6.3586097,7.8187766
6.421665,7.9176655
6.4847207,8.010999
6.547776,8.098777
6.6108317,8.180999
6.6738873,8.257666
6.736943,8.328776
6.7999983,8.394332
6.863054,8.454332
6.9261093,8.508777
6.989165,8.553512
7.0522203,8.589303
7.115276,8.6166935
7.1783314,8.636511
7.241387,8.635966
7.3044424,8.630411
7.367498,8.6193
7.4305534,8.602633
7.493609,8.580411
7.5566645,8.552633
7.61972,8.5192995
7.6827755,8.480411
7.745831,8.4359665
7.8088865,8.385966
7.871942,8.330411
7.9349976,8.2692995
7.998053,8.202633
8.061109,8.130411
8.124165,8.052633
8.187221,7.9693
8.250277,7.8804107
8.313333,7.7859664
8.376389,7.6859665
8.439445,7.580411
8.502501,7.4693
8.565557,7.352633
8.6286125,7.2304106
8.6916685,7.102633
8.7547245,6.9693
8.8177805,6.830411
8.8808365,6.6859665
8.9438925,6.5359664
9.006948,6.3804107
9.06306,6.3709607
9.1122265,6.3709745
9.1544485,6.3709836
9.189726,6.5087614
9.21806,6.6409836
9.239449,6.76765
9.253893,6.888761
9.261393,7.004317
9.261949,7.114317
9.258893,7.2187614
9.252782,7.3176503
9.243615,7.4109836
9.231393,7.498761
9.216115,7.580983
9.197782,7.65765
9.176393,7.723184
9.158893,7.777953
9.145282,7.8229322
9.13556,7.8590236
9.132782,7.8867073
9.135838,7.9067316
9.141949,7.919717
9.151115,7.926126
9.163338,7.926474
9.178616,7.921241
9.196949,7.910452
9.218338,7.894108
9.242783,7.872208
9.270283,7.844753
9.300838,7.811742
9.33445,7.7731752
9.371117,7.729053
9.410839,7.679375
9.453617,7.624142
9.499451,7.5633535
9.54834,7.4970093
9.600285,7.4251094
9.655285,7.347654
9.713341,7.2646427
9.774452,7.1760764
9.837508,7.0819545
9.900564,6.982277
9.96362,6.8770437
10.026676,6.766255
10.089732,6.6499104
10.152788,6.5280104
10.215844,6.400555
10.2789,6.2675443
10.341956,6.128978
10.405012,5.9848557
10.425001,5.835178
10.425001,5.6799445
10.425001,5.519156
10.425001,5.352812
10.425001,5.180912
10.425001,5.00869
10.425001,4.8364677
10.428057,4.6642456
10.434168,4.4920235
10.443335,4.3198013
10.455557,4.147579
10.470835,3.975357
10.489168,3.803135
10.510557,3.6309128
10.535002,3.4586906
10.552502,3.2864685
10.563057,3.1142464
10.5666685,2.970961
10.563613,2.9709752
10.557502,2.9654195
10.548335,2.9674284
10.536113,2.9674284
10.520835,2.9674284
10.5025015,2.9687142
10.4811125,2.9695373
10.456668,2.970064
10.429168,2.9704008
10.398612,2.9706166
10.365001,2.9707546
10.328334,2.970843
10.288611,2.9708996
10.245833,2.9709358
10.2,2.970959
10.151111,2.970974
10.099166,2.9709835
10.044166,2.9709895
9.98611,2.9709933
9.924998,2.970996
9.861942,2.9709976
9.798886,2.9709985
9.73583,2.970999
9.672774,2.9709995
9.609718,2.9709997
9.546662,2.9709997
9.483606,2.9709997
9.42055,2.9709997
9.357494,2.9709997
9.294438,2.9709997
9.231382,2.9709997
9.168326,3.1087775
9.10527,3.2409997
9.042214,3.3676665
8.979158,3.4887776
8.916102,3.6043332
8.853046,3.714333
8.78999,3.8187776
8.726934,3.9176664
8.663878,4.0109997
8.600822,4.0987773
8.537766,4.1809993
8.47471,4.257666
8.411654,4.3287773
8.3485985,4.394333
8.2855425,4.454333
8.2224865,4.508777
8.1594305,4.557666
8.0963745,4.6009994
8.0333185,4.6387773
7.970263,4.6709995
7.9072075,4.697666
7.844152,4.718777
7.7810965,4.7343326
7.718041,4.7443323
7.6549854,4.748777
7.59193,4.747666
7.5288744,4.740999
7.465819,4.728777
7.4027634,4.710999
7.339708,4.6876655
7.2766523,4.6587768
7.213597,4.6243324
7.1505413,4.5843325
7.087486,4.538777
7.0244303,4.4876657
6.9613748,4.430999
6.8983192,4.368777
6.8352637,4.300999
6.772208,4.227666
6.7091527,4.148777
6.646097,4.0643325
6.5830417,3.9743323
6.5749607,3.9469917
6.5749745,3.941436
6.5749836,3.930325
6.574993,3.9136584
6.574997,3.891436
6.574999,3.8636584
6.574999,3.8303251
6.574999,3.7914362
6.574999,3.7469916
6.574999,3.6969917
6.574999,3.641436
6.574999,3.580325
6.574999,3.5136583
6.574999,3.441436
6.574999,3.3636582
6.574999,3.280325
6.574999,3.191436
6.574999,3.0969915
6.574999,2.9969916
6.574999,2.891436
6.574999,2.780325
6.574999,2.6636581
6.574999,2.541436
6.574999,2.4136581
6.574999,2.2803247
6.574999,2.1414359
6.574999,1.9969914
6.5719433,1.8469914
6.565832,1.764961
6.5566654,1.7649751
6.544443,1.7649841
6.5291653,1.9027619
6.510832,2.034984
6.489443,2.034984
6.4649982,2.0294285
6.437498,2.0183175
6.4069424,2.0016508
6.373331,1.9794285
6.336664,1.9516507
6.2969418,1.9183174
6.2541637,1.8794285
6.2083306,1.8349841
6.159442,1.7849841
6.1074977,1.764961
6.052498,1.7649751
5.9944425,1.7649841
5.9333315,1.7649899
5.870276,1.7649935
5.8072205,1.7649959
5.744165,1.7649975
5.6811094,1.7649984
5.618054,1.764999
5.5549984,1.7649994
5.491943,1.7649996
5.4288874,1.7649999
5.365832,1.7649999
5.3027763,1.7649999
5.239721,1.7649999
5.1766653,1.7649999
5.11361,1.7649999
5.0505543,1.7649999
4.9874988,1.7649999
4.9244432,1.7649999
4.8613877,1.7649999
4.798332,1.7649999
4.7352767,1.7649999
4.672221,1.7649999
4.6091657,1.7649999
4.54611,1.7649999
4.4830546,1.7649999
4.419999,1.7649999
4.3569436,1.7649999
4.293888,1.7649999
4.2377768,1.7649999
4.1855545,1.7649999
4.140277,1.9027777
4.1019435,2.0349998
4.0705547,2.1616666
4.04611,2.2827778
4.02861,2.3983333
4.0180545,2.5083332
4.0144434,2.6127777
4.017499,2.7116666
4.02361,2.8049998
4.032777,2.8927777
4.044999,2.975
4.060277,3.0516665
4.0786104,3.1227777
4.0999994,3.1883333
4.124444,3.2483332
4.151944,3.3027778
4.1825,3.3516667
4.216111,3.395
4.252778,3.4327776
4.2925005,3.465
4.3352785,3.4916666
4.3811116,3.5127776
4.4300003,3.5283332
4.4819446,3.5383332
4.5369444,3.5427775
4.595,3.5416665
4.656111,3.5349998
4.7191663,3.5227776
4.782222,3.5049999
4.8452773,3.4816666
4.908333,3.4527776
4.964444,3.418333
5.0166664,3.378333
5.0649996,3.3327775
5.109444,3.2816663
5.1499996,3.2249997
5.1866665,3.1627774
5.2194443,3.0949996
5.248333,3.0216663
5.273333,2.9649608
5.294444,2.9649749
5.3116665,2.964984
5.325,2.9649897
5.334444,2.9649935
5.3399997,2.9649956
5.348611,2.9649973
5.3602777,2.9649982
5.375,2.9649987
5.392778,2.9649992
5.4136114,2.9649994
5.4375005,2.9649994
5.464445,2.9649994
5.4944453,2.9649994
5.527501,2.9649994
5.563612,2.9649994
5.6027784,3.1027772
5.6450005,3.2349994
5.683334,3.3616662
5.7147226,3.4827774
5.739167,3.598333
5.756667,3.7083328
5.767223,3.8127773
5.770834,3.9116662
5.7677784,4.0049996
5.7616673,4.0927773
5.7525005,4.174999
5.7402782,4.245044
5.7250004,4.304481
5.706667,4.3537264
5.685278,4.393757
5.6608334,4.425098
5.633333,4.44842
5.609722,4.464441
5.5899997,4.473653
5.5741663,4.476579
5.562222,4.473735
5.5541663,4.4653354
5.5499997,4.4513803
5.5497217,4.4318695
5.5497217,4.406803
5.5497217,4.376181
5.5497217,4.3400035
5.5497217,4.2982707
5.546666,4.2509823
5.540555,4.198138
5.5313883,4.170961
5.519166,4.1709747
5.503888,4.170984
5.4855547,4.1709895
5.4641657,4.1709933
5.439721,4.1709957
5.412221,4.170997
5.381665,4.170998
5.348054,4.308776
5.311387,4.440998
5.2716646,4.5676646
5.2288866,4.6887755
5.1830535,4.8043313
5.134165,4.9143314
5.0822206,5.018776
5.0272207,5.117665
4.9691653,5.210998
4.9080544,5.2987757
4.844999,5.3809977
4.7819433,5.4576645
4.718888,5.5287757
4.6558323,5.5943313
4.592777,5.654331
4.5297213,5.7087755
4.4666657,5.757664
4.40361,5.8009977
4.3405547,5.8387756
4.277499,5.870998
4.2144437,5.8976645
4.151388,5.9187756
4.0883327,5.934331
4.025277,5.9443307
3.9622216,5.9487753
3.899166,5.9476643
3.8361106,5.9409976
3.773055,5.9287753
3.7099996,5.9109974
3.646944,5.887664
3.5838885,5.858775
3.520833,5.824331
3.4577775,5.784331
3.394722,5.7387753
3.3316665,5.687664
3.2755554,5.630997
3.2233331,5.568775
3.1749997,5.5009975
3.1305552,5.4276643
3.0899997,5.36496
3.053333,5.364974
3.0205553,5.364983
2.9916663,5.364989
2.9666662,5.3649926
2.9455552,5.5027704
2.928333,5.6349926
2.9149997,5.761659
2.9055552,5.88277
2.8999996,5.998326
2.898333,6.108326
2.898333,6.2127705
2.898333,6.3116593
2.898333,6.4049926
2.898333,6.49277
2.898333,6.574992
2.898333,6.651659
2.898333,6.7167125
2.898333,6.7714133
2.898333,6.8162327
2.898333,6.8519907
2.898333,6.8795466
2.898333,6.8993897
2.898333,6.91211
2.898333,6.9183407
2.898333,6.918531
2.898333,6.9131503
2.898333,6.9022145
2.898333,6.885723
2.898333,6.863676
2.898333,6.8360734
2.898333,6.802915
2.898333,6.764201
2.898333,6.7199316
2.898333,6.670107
2.898333,6.6147265
2.898333,6.5537906
2.898333,6.487299
2.898333,6.4152517
2.898333,6.337649
2.898333,6.254491
2.898333,6.165777
2.898333,6.071508
2.898333,5.971683
2.898333,5.8663025
2.898333,5.7553663
2.898333,5.6388745
2.898333,5.5168276
2.9013886,5.389225
2.9074998,5.36496
2.9166665,5.364974
2.9288888,5.364983
2.9441667,5.364989
2.9625,5.3649926
2.983889,5.364995
3.0083334,5.3649964
3.0358334,5.3649974
3.0663888,5.3649983
3.1,5.502776
3.1366665,5.6349983
3.1763887,5.761665
3.2191665,5.882776
3.2649999,5.9983315
3.3138888,6.1083317
3.3658333,6.212776
3.4208333,6.311665
3.478889,6.4049983
3.5400002,6.492776
3.6030557,6.574998
3.6661112,6.6516647
3.7291667,6.722776
3.7922223,6.7883315
3.8552778,6.8483315
3.9183333,6.902776
3.9813888,6.9516644
4.0444446,6.994998
4.1075,7.032776
4.1705556,7.064998
4.233611,7.091665
4.2966666,7.112776
4.359722,7.128331
4.4227777,7.138331
4.485833,7.1427755
4.5488887,7.1416645
4.611944,7.134998
4.6749997,7.1227756
4.738055,7.1049976
4.7941666,7.081664
4.846389,7.0527754
4.894722,7.018331
4.936111,6.978331
4.9705553,6.9709606
4.9980555,6.9709744
5.018611,6.9709835
5.0322223,6.970989
5.038889,6.970993
5.038611,6.9709954
5.0352774,6.970997
5.0288887,6.970998
5.0194445,6.970999
5.0069447,6.970999
4.9983335,6.970999
4.9936113,6.970999
4.992778,6.970999
4.992778,6.970999
4.992778,6.970999
4.992778,6.970999
4.992778,6.970999
4.992778,6.970999
4.9958334,6.970999
5.0019445,6.970999
5.0111113,7.1087766
5.0233335,7.2409987
5.0386114,7.3676653
5.056945,7.488776
5.078334,7.604332
5.1027784,7.714332
5.1302786,7.8187766
5.1608343,7.9176655
5.1944456,8.010999
5.2311125,8.098777
5.270835,8.180999
5.313613,8.257666
5.359446,8.322741
5.4083347,8.377345
5.460279,8.422208
5.515279,8.458007
5.573334,8.485583
5.634445,8.505435
5.6975007,8.518176
5.760556,8.524435
5.8236117,8.524644
5.8866673,8.51928
5.949723,8.508362
6.0127783,8.491887
6.075834,8.469857
6.1388893,8.442271
6.201945,8.40913
6.2650003,8.370433
6.328056,8.32618
6.3911114,8.276373
6.454167,8.221009
6.5172224,8.16009
6.580278,8.093616
6.6433334,8.021585
6.706389,7.944
6.7694445,7.8608584
6.8325,7.7721615
6.8955555,7.6779094
6.958611,7.5781016
7.0216665,7.4727383
7.084722,7.3618193
7.1477776,7.2453446
7.210833,7.1233144
7.2738886,6.9957285
7.336944,6.8625875
7.3999996,6.723891
7.463055,6.5796385
7.5261106,6.4298306
7.589166,6.274467
7.6522217,6.113548
7.715277,5.9470735
7.7783327,5.7750435
7.841388,5.6028214
7.9044437,5.430599
7.9674993,5.258377
8.030555,5.086155
8.093611,4.913933
8.156667,4.7417107
8.219723,4.5694885
8.282779,4.3972664
8.345835,4.2250443
8.408891,4.052822
8.471947,3.8806
8.528058,3.7083778
8.58028,3.5361557
8.625558,3.3639336
8.663891,3.1917114
8.69528,3.0194893
8.719725,2.970961
8.737225,2.9709752
8.74778,2.9654195
8.751391,2.9674284
8.748336,2.9674284
8.742225,2.9674284
8.733058,2.9687142
8.720836,2.9695373
8.705558,2.970064
8.687224,2.9704008
8.665835,2.9706166
8.641391,2.9707546
8.613891,2.970843
8.583335,2.9708996
8.549724,2.9709358
8.513057,2.970959
8.473334,3.1087368
8.430556,3.240959
8.384723,3.3676257
8.335834,3.4887369
8.290833,3.6042924
8.2497225,3.7142923
8.205556,3.8099728
8.158334,3.8930411
8.108056,3.964079
8.054723,4.02405
7.998334,4.073986
7.9388895,4.114437
7.8763895,4.146196
7.813334,4.170014
7.7502785,4.1864595
7.687223,4.1960597
7.6311116,4.199381
7.5788894,4.1968846
7.530556,4.1888328
7.4861116,4.1752257
7.445556,4.156063
7.411945,4.131345
7.385278,4.101071
7.3655562,4.0652413
7.3527784,4.023856
7.3469453,3.9769156
7.3480563,3.9244194
7.352223,3.8663678
7.359445,3.8027606
7.369723,3.7335978
7.383056,3.6588793
7.399445,3.5786054
7.4188895,3.492776
7.4413896,3.4013908
7.466945,3.3044503
7.4955564,3.2019541
7.527223,3.0939023
7.5619454,2.9802952
7.5997233,2.8611324
7.6250396,2.736414
7.5614305,2.6728058
7.5083747,2.603642
7.4622636,2.5289226
7.423097,2.4486477
7.390875,2.3628173
7.3655972,2.2714312
7.347264,2.1744897
7.335875,2.0719926
7.3314304,1.9639399
7.3339305,1.8503317
7.339486,1.764961
7.3480973,1.7649751
7.359764,1.7649841
7.3744864,1.7649899
7.3922644,1.9027677
7.413098,2.0349898
7.436987,2.1616566
7.4639316,2.2827678
7.493932,2.3983233
7.5269876,2.5083232
7.563099,2.6127677
7.6022654,2.7116566
7.6250396,2.8049898
7.6250257,2.8927677
7.6250167,2.97499
7.6280723,3.0516565
7.6341834,3.1227677
7.64335,3.1883233
7.6555724,3.2483232
7.6708503,3.3027678
7.6891837,3.3516567
7.7105727,3.39499
7.7350173,3.4327676
7.7625175,3.46499
7.793073,3.4916565
7.8266845,3.5127676
7.8633513,3.5283232
7.903074,3.5383232
7.945852,3.5427675
7.991685,3.5416565
8.040574,3.5349898
8.092519,3.5227675
8.147519,3.5049899
8.205575,3.4816566
8.266686,3.4527676
8.329742,3.418323
8.385854,3.378323
8.438076,3.3327675
8.486409,3.2816563
8.530853,3.2249897
8.571409,3.1627674
8.608076,3.0949895
8.640854,3.0216563
8.666687,2.970961
8.6855755,2.9709752
8.69752,2.9654195
8.70252,2.9674284
8.700576,2.9674284
8.695576,2.9674284
8.68752,2.9687142
8.676409,2.9695373
8.662242,2.970064
8.64502,3.1078417
8.624742,3.240064
8.601408,3.3667307
8.575019,3.4878418
8.545574,3.6033974
8.513074,3.7133973
8.477518,3.8178418
8.438907,3.9167306
8.39724,4.010064
8.352517,4.0905175
8.304739,4.159524
8.253905,4.217534
8.200016,4.2655134
8.143071,4.3043246
8.083071,4.334547
8.020015,4.356848
7.9569592,4.3719435
7.8939037,4.380294
7.8377924,4.382424
7.7886257,4.378831
7.7464037,4.3696823
7.711126,4.354978
7.6827927,4.334718
7.6614037,4.3089027
7.6469593,4.277532
7.639459,4.240606
7.6389036,4.198124
7.641959,4.1500864
7.6480703,4.0964932
7.657237,4.0373445
7.6694593,3.9726403
7.684737,3.9023805
7.7030706,3.8265653
7.7244596,3.7451944
7.748904,3.658268
7.7764044,3.5657861
7.80696,3.4677486
7.8405714,3.3641555
7.8772383,3.2550068
7.9169607,3.1403027
7.9597387,3.020043
8.005572,2.970961
8.0544615,2.9709752
8.106406,2.9654195
8.1614065,2.9674284
8.219462,2.9674284
8.273629,2.9674284
8.323907,2.9687142
8.370296,2.9695373
8.412795,2.970064
8.4514065,2.9704008
8.486129,2.9706166
8.516962,2.9707546
8.543906,2.970843
8.566962,2.9708996
8.586129,2.9709358
8.601407,2.970959
8.612796,2.970974
8.620296,2.9709835
8.623907,2.9709895
8.623907,2.9709933
8.623907,2.970996
8.623907,2.9709976
8.623907,2.9709985
8.623907,2.970999
8.623907,2.9709995
8.623907,2.9709997
8.623907,2.9709997
8.623907,2.9709997
8.623907,2.9709997
8.623907,2.9709997
8.623907,2.9709997
8.623907,2.9709997
8.623907,2.9709997
8.623907,2.9709997
8.623907,2.9709997
8.623907,2.9709997
8.623907,2.9709997
8.623907,2.9709997
8.623907,2.9709997
8.623907,2.9709997
8.623907,2.9709997
8.623907,2.9709997
8.623907,2.9709997
8.623907,2.9709997
8.623907,2.9709997
8.623907,2.9709997
8.623907,2.9709997
8.623907,2.9709997
8.623907,2.9709997
8.623907,2.9709997
8.623907,2.9709997
8.623907,2.9709997
8.623907,2.9709997
8.623907,2.9709997
8.6208515,2.9709997
8.61474,2.9709997
8.605574,2.9709997
8.593351,2.9709997
8.5780735,2.9709997
8.55974,2.9709997
8.538351,2.9709997
8.5139065,2.9709997
8.486406,2.9709997
8.455851,2.9709997
8.422239,2.9709997
8.385572,2.9709997
8.34585,2.9709997
8.303072,2.9709997
8.257238,2.9709997
8.208349,2.9709997
8.1564045,2.9709997
8.101404,2.9709997
8.043348,2.9709997
7.9822373,2.9709997
7.919182,2.9709997
7.8561263,2.9709997
7.793071,2.965444
7.7300153,2.9674444
7.66696,2.9674444
7.6039042,2.9674444
7.5408487,2.9618888
7.477793,2.9507778
7.4147377,2.934111
7.351682,2.9118888
7.2886267,2.8841112
7.225571,2.8507779
7.1625156,2.811889
7.09946,2.7674444
7.0364046,2.7174444
6.973349,2.6618888
6.9102936,2.6007776
6.847238,2.534111
6.7841825,2.4618888
6.721127,2.384111
6.6580715,2.3007777
6.595016,2.2118888
6.5749607,2.1174443
6.5749745,2.0174444
6.571919,1.9118888
6.565808,1.8007777
6.556641,1.764961
6.544419,1.7649751
6.529141,1.7649841
6.5108075,1.7649899
6.4894185,1.7649935
6.464974,1.7649959
6.437474,1.7649975
6.406918,1.7649984
6.3733068,1.764999
6.33664,1.7649994
6.2969174,1.7649996
6.2541394,1.7649999
6.2083063,1.7649999
6.1594176,1.7649999
6.1074734,1.7649999
6.0524735,1.7649999
5.994418,1.7649999
5.933307,1.7649999
5.8702517,1.7649999
5.807196,1.7649999
5.7441406,1.7649999
5.681085,1.7649999
5.6180296,1.7649999
5.5619183,1.7649999
5.5127516,1.7649999
5.4705296,1.7649999
5.4352517,1.7649999
5.4069185,1.7649999
5.3855295,1.7649999
5.371085,1.7649999
5.3605294,1.7649999
5.353863,1.7649999
5.3441405,1.7649999
5.3313627,1.7649999
5.3155293,1.7649999
5.2966404,1.7649999
5.274696,1.7649999
5.249696,1.7649999
5.22164,1.7649999
5.190529,1.7649999
5.156362,1.7649999
5.1191397,1.7649999
5.0788617,1.7649999
5.035528,1.7649999
4.989139,1.7649999
4.9396944,1.7649999
4.8871946,1.7649999
4.8316393,1.7649999
4.7730284,1.7649999
4.711362,1.7649999
4.6483064,1.7649999
4.585251,1.7649999
4.5221953,1.7649999
4.45914,1.7649999
4.3960843,1.7649999
4.333029,1.7649999
4.2699733,1.7649999
4.206918,1.7649999
4.1438622,1.7649999
4.0808067,1.7649999
4.017751,1.7649999
3.9546957,1.7649999
3.8916402,1.7649999
3.8285847,1.7649999
3.7655292,1.7649999
3.7024736,1.7649999
3.6394181,1.7649999
3.5763626,1.7649999
3.513307,1.7649999
3.4502516,1.7649999
3.387196,1.7649999
3.3241405,1.7649999
3.261085,1.7649999
3.1980295,1.7649999
3.134974,1.7649999
3.0719185,1.7649999
3.008863,1.7649999
2.9458075,1.7649999
2.882752,1.7649999
2.8196964,1.7649999
2.756641,1.7649999
2.6935854,1.7649999
2.6305299,1.7649999
2.5674744,1.7649999
2.5113633,1.7649999
2.459141,1.7649999
2.4108076,1.7649999
2.366363,1.7649999
2.3258076,1.7649999
2.289141,1.7649999
2.2594187,1.7649999
2.236641,1.7649999
2.2208076,1.7649999
2.2119186,1.7649999
2.209974,1.9027777
2.2130296,2.0349998
2.2191408,2.1616666
2.2283075,2.2827778
2.2405298,2.3983333
2.2558076,2.5083332
2.274141,2.6127777
2.29553,2.7116666
2.3199744,2.8049998
2.3474743,2.8927777
2.3780298,2.975
2.411641,3.0516665
2.4483075,3.1227777
2.4880297,3.1883333
2.5308075,3.2483332
2.5766408,3.3027778
2.6255298,3.3516667
2.6774743,3.395
2.7324743,3.4327776
2.79053,3.465
2.8516412,3.4916666
2.9146967,3.5127776
2.9777522,3.5283332
3.0408077,3.5383332
3.1038632,3.5427775
3.1669188,3.5416665
3.2299743,3.5349998
3.2930298,3.5227776
3.3560853,3.5049999
3.4191408,3.4816666
3.4821963,3.4527776
3.5452518,3.418333
3.6083074,3.378333
3.6713629,3.3327775
3.727474,3.2816663
3.7766407,3.2249997
3.818863,3.1627774
3.8541408,3.0949996
3.8824742,3.0216663
3.903863,2.9427774
3.9183073,2.8583329
3.9258072,2.768333
3.9263628,2.6727774
3.9233072,2.5716662
3.917196,2.4649994
3.9080293,2.3527772
3.895807,2.2349994
3.8874736,2.111666
3.8830292,1.982777
3.8824737,1.8483325
3.8824737,1.764961
3.8824737,1.7649751
3.8824737,1.7649841
3.8824737,1.7649899
3.8855293,1.7649935
3.8916404,1.7649959
3.9008071,1.9027737
3.9130294,2.034996
3.9283073,2.1616628
3.9466407,2.282774
3.9680297,2.3983295
3.992474,2.5083294
4.019974,2.612774
4.05053,2.7116628
4.0841413,2.804996
4.120808,2.8927739
4.1605306,2.974996
4.2033086,3.0516627
4.2491417,3.122774
4.2980304,3.1883295
4.3499746,3.2483294
4.4049745,3.302774
4.46303,3.3472588
4.524141,3.383008
4.5871964,3.4103782
4.650252,3.4301598
4.7133074,3.442857
4.7694187,3.4489903
4.821641,3.4491081
4.8669186,3.4436612
4.905252,3.4326587
4.9366407,3.4161005
4.9610853,3.393987
4.9785852,3.3663177
4.9921966,3.333093
5.0088634,3.2943127
5.0285854,3.2499769
5.051363,3.2000854
5.077196,3.1446385
5.106085,3.083636
5.138029,3.017078
5.173029,2.9649608
5.2110844,2.9649749
5.2521954,2.964984
5.296362,3.1027617
5.343584,3.234984
5.393862,3.3616507
5.447195,3.4827619
5.503584,3.5983174
5.5630283,3.7083173
5.6255283,3.8127618
5.688584,3.9116507
5.7516394,4.004984
5.814695,4.0927615
5.8777504,4.1749835
5.940806,4.2516503
6.0038614,4.3167315
6.066917,4.3712797
6.1299725,4.4161763
6.193028,4.4520693
6.2560835,4.479541
6.319139,4.499444
6.3821945,4.5122175
6.44525,4.5184283
6.5013614,4.5186305
6.550528,4.5132613
6.59275,4.5023365
6.628028,4.485856
6.656361,4.46382
6.67775,4.4362283
6.6921945,4.4030814
6.6996946,4.364379
6.70025,4.320121
6.6971946,4.270307
6.6910834,4.2149377
6.6819167,4.1540127
6.6696944,4.087532
6.6544166,4.0154963
6.636083,3.9379048
6.614694,3.8547578
6.5902495,3.766055
6.575,3.6717968
6.575,3.571983
6.575,3.4666138
6.575,3.3556888
6.575,3.2392085
6.575,3.1171725
6.575,2.9895809
6.575,2.8564339
6.575,2.7177312
6.575,2.573473
6.5780554,2.4236593
6.5841665,2.26829
6.5933332,2.1073651
6.6055555,1.9408847
6.6208334,1.7688488
6.639167,1.7688488
6.660556,1.7688488
6.6850004,1.7688488
6.7125006,1.7688488
6.7430563,1.7688488
6.7766676,1.7688488
6.8133345,1.7688488
6.853057,1.7688488
6.895835,1.7688488
6.941668,1.9066266
6.9905567,2.0388489
7.042501,2.1655157
7.097501,2.2866268
7.155556,2.4021823
7.216667,2.5121822
7.2797227,2.6166267
7.342778,2.7155156
7.4058337,2.8088489
7.468889,2.8966267
7.5319448,2.978849
7.5950003,3.0555155
7.658056,3.1266267
7.7211113,3.1921823
7.784167,3.2521822
7.8472223,3.3066268
7.910278,3.3555157
7.9733334,3.398849
8.036389,3.4366267
8.099445,3.468849
8.162501,3.4955156
8.225557,3.5166266
8.288613,3.5321822
8.351669,3.5421822
8.414725,3.5466266
8.477781,3.5455155
8.540837,3.5388489
8.603893,3.5266266
8.666949,3.508849
8.730005,3.4855156
8.793061,3.4566267
8.856117,3.422182
8.919173,3.3821821
8.982229,3.3366265
9.045285,3.2855153
9.108341,3.2288487
9.171397,3.1666265
9.234453,3.0988486
9.297509,3.0255153
9.353621,2.970961
9.405843,2.9654055
9.454176,2.9674196
9.49862,2.961864
9.539176,2.965153
9.575843,2.9595973
9.608621,2.9709556
9.637509,2.9654
9.662509,2.9654
9.68362,2.9654
9.700843,2.9654
9.714176,2.9654
9.72362,2.9654
9.729176,2.9654
9.730843,2.9654
9.730843,2.9654
9.730843,2.9654
9.730843,2.9654
9.730843,2.9654
9.730843,2.9654
9.730843,2.9654
9.730843,2.9654
9.730843,2.9654
9.730843,2.9654
9.730843,2.9654
9.730843,2.9654
9.730843,2.9654
9.730843,2.9654
9.730843,2.9654
9.730843,2.9654
9.730843,2.9654
9.730843,2.9654
9.730843,2.9654
9.730843,2.9654
9.730843,2.9654
9.730843,2.9654
9.730843,2.9654
9.727787,2.9654
9.721676,2.9654
9.712509,2.9654
9.700287,2.9654
9.685009,2.9654
9.666676,2.9654
9.645287,2.9654
9.620842,2.9654
9.593342,2.9598444
9.562786,2.9664307
9.529175,2.960875
9.492508,2.9709606
9.45973,2.965405
9.430841,2.9674194
9.405842,2.9687085
9.38473,2.9695334
9.367508,2.9639778
9.354175,2.966506
9.34473,2.968124
9.339175,2.9691594
9.337508,2.969822
9.337508,2.9642663
9.337508,2.9531553
9.337508,2.9364886
9.337508,2.9142663
9.337508,2.8864887
9.337508,2.8531554
9.337508,2.8142664
9.337508,2.769822
9.337508,2.719822
9.340564,2.6642663
9.346675,2.6031551
9.355842,2.5364885
9.368064,2.4642663
9.383342,2.3864884
9.401675,2.3031552
9.423064,2.2142663
9.447509,2.1198218
9.475009,2.019822
9.505565,1.9142663
9.539176,1.8031552
9.575843,1.764961
9.615565,1.7649751
9.658343,1.7649841
9.704177,1.7649899
9.753066,1.7649935
9.805011,1.7649959
9.860011,1.7649975
9.918067,1.7649984
9.979178,1.764999
10.042234,1.7649994
10.10529,1.7649996
10.168346,1.7649999
10.231402,1.7649999
10.294458,1.7649999
10.357514,1.7649999
10.42057,1.7649999
10.476682,1.7649999
10.528904,1.7649999
10.577237,1.7649999
10.621681,1.7649999
10.662237,1.7649999
10.698904,1.7649999
10.7386265,1.7649999
10.7814045,1.7649999
10.827238,1.7649999
10.876127,1.7649999
10.928072,1.7649999
10.983072,1.7649999
11.041128,1.7649999
11.10224,1.7649999
11.165296,1.7649999
11.228352,1.7649999
11.291408,1.7649999
11.354464,1.7649999
11.41752,1.7649999
11.480576,1.7649999
11.543632,1.7649999
11.606688,1.7649999
11.669744,1.7649999
11.7328,1.7649999
11.7958555,1.7649999
11.8589115,1.7649999
11.9219675,1.7649999
11.9850235,1.7649999
12.0480795,1.7649999
12.1111355,1.9027777
12.174191,2.0349998
12.230303,2.1616666
12.2794695,2.2827778
12.3216915,2.3983333
12.356969,2.5083332
12.385303,2.6127777
12.406692,2.7116666
12.421136,2.8049998
12.428636,2.8927777
12.429192,2.975
12.426136,3.0516665
12.420025,3.1227777
12.410858,3.1883333
12.398636,3.2483332
12.383358,3.3027778
12.365025,3.3516667
12.343636,3.395
12.319191,3.4327776
12.291691,3.465
12.261135,3.4890883
12.227524,3.5057707
12.190857,3.5156758
12.1511345,3.5192413
12.108356,3.5169694
12.062523,3.5091422
12.013634,3.4957592
11.961689,3.4768207
11.906689,3.4523268
11.848633,3.4222772
11.787521,3.386672
11.724465,3.3455114
11.661409,3.2987952
11.598353,3.2465234
11.535297,3.188696
11.472241,3.125313
11.409185,3.0563745
11.346129,2.9818804
11.283073,2.970961
11.220017,3.108739
11.156961,3.240961
11.093905,3.3676279
11.030849,3.488739
10.967793,3.6042945
10.904737,3.7049778
10.8416815,3.792506
10.7786255,3.8679438
10.7155695,3.9318874
10.6525135,3.9852364
10.5894575,4.0291786
10.5264015,4.06412
10.463346,4.090761
10.40029,4.109858
10.337234,4.1219077
10.274178,4.1274433
10.211122,4.127007
10.148066,4.121015
10.08501,4.1094675
10.021954,4.0923643
9.958898,4.0697055
9.895842,4.0414915
9.832786,4.007722
9.76973,3.9683967
9.706674,3.9235158
9.643618,3.8730793
9.580562,3.8170874
9.517506,3.75554
9.45445,3.6884367
9.391394,3.615778
9.328338,3.5375638
9.265282,3.453794
9.202226,3.3644686
9.13917,3.2695878
9.076114,3.1691513
9.013058,3.0631592
8.950002,2.970961
8.886946,2.9709752
8.82389,2.9654195
8.760834,2.9674284
8.697778,2.9674284
8.634722,2.9674284
8.571666,2.9687142
8.50861,2.9695373
8.445554,3.107315
8.382498,3.2395372
8.319442,3.366204
8.256386,3.4873152
8.19333,3.6028707
8.130274,3.7128706
8.067218,3.817315
8.004162,3.916204
7.9411063,4.009537
7.878051,4.097315
7.8149953,4.179537
7.75194,4.2562037
7.6888843,4.327315
7.6258287,4.3928704
7.562773,4.4528704
7.4997177,4.5073147
7.436662,4.5562034
7.3736067,4.5957694
7.310551,4.62684
7.2474957,4.649925
7.18444,4.6657405
7.1213846,4.674757
7.058329,4.677508
6.9952736,4.6745014
6.932218,4.6659393
6.8691626,4.6518216
6.806107,4.6321487
6.7430515,4.6069202
6.679996,4.576136
6.6169405,4.5397964
6.553885,4.497901
6.4908295,4.45045
6.427774,4.3974433
6.3647184,4.3388815
6.301663,4.274764
6.2386074,4.205091
6.175552,4.170961
6.1124964,4.1709747
6.049441,4.170984
5.9863853,4.1709895
5.92333,4.1709933
5.8602743,4.1709957
5.797219,4.170997
5.7341633,4.170998
5.671108,4.170999
5.6080523,4.170999
5.5449967,4.170999
5.481941,4.170999
5.4188857,4.170999
5.35583,4.170999
5.2927747,4.308777
5.229719,4.440999
5.1666636,4.5676656
5.103608,4.6887765
5.0405526,4.8043323
4.977497,4.9143324
4.9144416,5.018777
4.851386,5.117666
4.7883306,5.210999
4.725275,5.2987766
4.6622195,5.3809986
4.599164,5.4576654
4.5361085,5.5287766
4.473053,5.594332
4.4099975,5.654332
4.346942,5.7087765
4.2838864,5.757665
4.220831,5.8009987
4.1577754,5.8387766
4.09472,5.870999
4.0316644,5.8976655
3.9686089,5.9187765
3.9055533,5.934332
3.8424978,5.9443316
3.7794423,5.948024
3.7163868,5.9458795
3.6533313,5.9381795
3.5902758,5.924924
3.5272202,5.9061127
3.4641647,5.881746
3.4011092,5.8518233
3.3380537,5.816345
3.2749982,5.775312
3.2119427,5.728723
3.1488872,5.6765785
3.092776,5.6188784
3.0405538,5.5556226
2.9922204,5.486811
2.9477758,5.4124446
2.9072204,5.36496
2.8736093,5.364974
2.8469427,5.364983
2.8272204,5.364989
2.8144426,5.3649926
2.8086092,5.364995
2.8097203,5.3649964
2.813887,5.3649974
2.821109,5.3649983
2.8313868,5.502776
2.8447201,5.6349983
2.861109,5.761665
2.8805535,5.882776
2.9030535,5.9983315
2.9286091,6.1083317
2.9572203,6.212776
2.988887,6.311665
3.0236094,6.4049983
3.0613873,6.492776
3.1022205,6.574998
3.1461093,6.6516647
3.1930537,6.722776
3.2430537,6.7883315
3.2961092,6.8483315
3.3522203,6.902776
3.411387,6.9516644
3.4736092,6.994998
3.5366647,7.032776
3.5997202,7.064998
3.6627758,7.091665
3.7258313,7.112776
3.7888868,7.128331
3.8519423,7.138331
3.9149978,7.1427755
3.9780533,7.1416645
4.041109,7.134998
4.1041646,7.1227756
4.16722,7.1049976
4.2302756,7.081664
4.293331,7.0527754
4.3563867,7.018331
4.419442,6.978331
4.4824977,6.9709606
4.545553,6.9709744
4.6086087,6.9709835
4.671664,6.970989
4.7347198,6.970993
4.7977753,6.9709954
4.860831,6.970997
4.9238863,6.970998
4.986942,7.1087756
5.0499973,7.240998
5.113053,7.3676643
5.1761084,7.4887753
5.239164,7.604331
5.3022194,7.714331
5.365275,7.8187757
5.4283304,7.9176645
5.491386,8.010998
5.5544415,8.098776
5.617497,8.174286
5.6805525,8.23837
5.743608,8.292019
5.8066635,8.336089
5.869719,8.371161
5.9327745,8.397909
5.99583,8.417128
6.0588856,8.4292755
6.121941,8.434937
6.1849966,8.434623
6.248052,8.428753
6.3111076,8.417328
6.374163,8.400347
6.4372187,8.3778105
6.500274,8.349719
6.5633297,8.3160715
6.626385,8.276869
6.6894407,8.23211
6.7524962,8.181796
6.8155518,8.125927
6.8786073,8.064502
6.941663,7.997521
7.0047183,7.924985
7.067774,7.8468933
7.1308293,7.763246
7.193885,7.674043
7.2569404,7.5792847
7.319996,7.4789705
7.3830514,7.3731008
7.446107,7.261676
7.5091624,7.1446953
7.572218,7.022159
7.6352735,6.8940673
7.698329,6.76042
7.7613845,6.621217
7.82444,6.4764585
7.8874955,6.3709607
7.950551,6.3709745
8.013607,6.3709836
8.076663,6.3709893
8.139719,6.370993
8.202775,6.3709955
8.265831,6.370997
8.328887,6.370998
8.391943,6.370999
8.454999,6.370999
8.518055,6.370999
8.581111,6.370999
8.644167,6.370999
8.707223,6.370999
8.770279,6.370999
8.833335,6.370999
8.896391,6.370999
8.959447,6.370999
9.022503,6.370999
9.085559,6.370999
9.14167,6.370999
9.1938925,6.370999
9.242226,6.370999
9.28667,6.370999
9.327226,6.370999
9.363893,6.370999
9.39667,6.370999
9.425559,6.370999
9.450559,6.370999
9.47167,6.370999
9.488893,6.370999
9.502226,6.370999
9.51167,6.370999
9.517225,6.370999
9.518892,6.370999
9.518892,6.370999
9.515837,6.370999
9.509726,6.370999
9.500559,6.370999
9.488337,6.370999
9.473059,6.370999
9.454725,6.370999
9.433336,6.370999
9.408892,6.370999
9.381392,6.370999
9.350836,6.370999
9.3172245,6.370999
9.280558,6.370999
9.240835,6.370999
9.198057,6.370999
9.152224,6.370999
9.103334,6.370999
9.05139,6.370999
8.996389,6.370999
8.9383335,6.370999
8.877222,6.370999
8.814166,6.370999
8.75111,6.370999
8.688054,6.370999
8.624998,6.370999
8.561942,6.370999
8.498886,6.370999
8.43583,6.5087767
8.372774,6.640999
8.309718,6.7676654
8.246662,6.8887763
8.183606,7.004332
8.12055,7.114332
8.057494,7.2187767
7.9944386,7.3176656
7.931383,7.410999
7.8683276,7.4987764
7.805272,7.5809984
7.7422166,7.6576653
7.679161,7.7287765
7.6161056,7.794332
7.55305,7.854332
7.4899945,7.9087763
7.426939,7.957665
7.3638835,8.0009985
7.300828,8.038776
7.2377725,8.070998
7.174717,8.097665
7.1116614,8.118776
7.048606,8.134332
6.9855504,8.144332
6.922495,8.148776
6.8594394,8.147665
6.796384,8.140998
6.7333283,8.128776
6.670273,8.110998
6.6072173,8.087665
6.544162,8.058776
6.4811063,8.024331
6.418051,7.984331
6.3549953,7.9387755
6.2919397,7.8876643
6.228884,7.8309975
6.1658287,7.7687755
6.102773,7.700998
6.0397177,7.6276646
5.976662,7.5487757
5.9136066,7.464331
5.850551,7.374331
5.7874956,7.278775
5.72444,7.1776643
5.6613846,7.0709977
5.598329,6.9709606
5.5352736,6.965405
5.472218,6.967419
5.4091625,6.9618635
5.353051,6.970964
5.300829,6.970977
5.252496,6.9709854
5.208051,6.9709907
5.1674957,6.970994
5.130829,6.970996
5.098051,6.9709973
5.072218,6.9709983
5.053329,6.970999
5.0413847,6.970999
5.0363846,6.970999
5.038329,6.970999
5.0433292,6.970999
5.051385,6.970999
5.062496,6.970999
5.076663,6.970999
5.0938854,6.970999
5.1141634,6.970999
5.137497,6.970999
5.163886,6.970999
5.193331,6.970999
5.2258306,6.970999
5.261386,6.970999
5.299997,6.970999
5.3416634,6.970999
5.3863854,6.970999
5.434163,6.970999
5.4849963,6.970999
5.538885,7.1087766
5.5958295,7.2409987
5.6558294,7.3676653
5.718885,7.488776
5.7819405,7.604332
5.844996,7.714332
5.9080515,7.8187766
5.971107,7.9176655
6.0341625,8.010999
6.097218,8.098777
6.1602736,8.180999
6.223329,8.257666
6.2863846,8.328776
6.34944,8.394332
6.4124956,8.454332
6.475551,8.508777
6.5386066,8.557666
6.601662,8.600999
6.6647177,8.638777
6.727773,8.637417
6.7908287,8.631862
6.853884,8.62075
6.9169397,8.604084
6.9799953,8.5818615
7.043051,8.554084
7.1061063,8.52075
7.169162,8.481861
7.2322173,8.437417
7.295273,8.387417
7.3583283,8.3318615
7.421384,8.27075
7.4844394,8.204083
7.547495,8.131862
7.6105504,8.054084
7.673606,7.9707503
7.7366614,7.881861
7.799717,7.787417
7.8627725,7.687417
7.925828,7.5818615
7.9888835,7.4707503
8.051939,7.3540835
8.114995,7.231861
8.178051,7.1040835
8.241107,6.9707503
8.304163,6.8318615
8.367219,6.687417
8.430275,6.537417
8.493331,6.381861
8.549441,6.3709607
8.598608,6.3709745
8.64083,6.3709836
8.676107,6.3709893
8.704441,6.370993
8.72583,6.3709955
8.740274,6.370997
8.747774,6.370998
8.74833,6.370999
8.745275,6.370999
8.739163,6.370999
8.729997,6.370999
8.717774,6.370999
8.702497,6.370999
8.684163,6.370999
8.662774,6.370999
8.6383295,6.370999
8.610829,6.370999
8.580274,6.370999
8.546662,6.370999
8.509995,6.370999
8.470273,6.370999
8.427495,6.370999
8.381661,6.370999
8.332772,6.370999
8.2808275,6.370999
8.225827,6.370999
8.167771,6.370999
8.10666,6.370999
8.043604,6.370999
7.9805484,6.370999
7.917493,6.370999
7.8544374,6.370999
7.791382,6.370999
7.7283263,6.370999
7.665271,6.370999
7.6022153,6.370999
7.53916,6.365443
7.4761043,6.354332
7.4130487,6.337665
7.349993,6.315443
7.2869377,6.2876654
7.223882,6.254332
7.1608267,6.215443
7.097771,6.1709986
7.0347157,6.1209984
6.97166,6.065443
6.9186044,6.004332
6.8724933,5.9376655
6.833327,5.865443
6.8011045,5.7876654
6.775827,5.704332
6.7574935,5.6154428
6.7461047,5.5209985
6.74166,5.4209986
6.74416,5.315443
6.749716,5.204332
6.758327,5.087665
6.769994,4.9654427
6.784716,4.837665
6.802494,4.704332
6.8233275,4.565443
6.8472166,4.4209986
6.8741612,4.2709985
6.9041615,4.1154428
6.937217,3.9543316
6.9733286,3.787665
7.012495,3.6154428
7.054717,3.4432206
7.0999947,3.2709985
7.148328,3.0987763
7.1997166,2.9265542
7.254161,2.754332
7.311661,2.58211
7.365272,2.4098878
7.4149942,2.2376657
7.460828,2.0654435
7.5027723,1.8932213
7.5408278,1.764961
7.5749946,1.7649751
7.6052723,1.7649841
7.6316614,1.7649899
7.627729,1.7649935
7.626118,1.7649959
7.6254582,1.7649975
7.625188,1.7649984
7.6250772,1.764999
7.625032,1.7649994
7.6250134,1.7649996
7.6250057,1.7649999
7.625003,1.7649999
7.6250014,1.7649999
7.6250014,1.7649999
7.6250014,1.7649999
7.6250014,1.7649999
7.6250014,1.7649999
7.6250014,1.7649999
7.6250014,1.7649999
7.6250014,1.7649999
7.6250014,1.7649999
7.6250014,1.7649999
7.6250014,1.7649999
7.6250014,1.7649999
7.6250014,1.7649999
7.6250014,1.7649999
7.6250014,1.7649999
7.6250014,1.7649999
7.6250014,1.7649999
7.6250014,1.7649999
7.6250014,1.7649999
7.6250014,1.7649999
7.6250014,1.7649999
7.6250014,1.7649999
7.6250014,1.7649999
7.6250014,1.7649999
7.6250014,1.7649999
7.6250014,1.7649999
7.6250014,1.7649999
7.6250014,1.7649999
7.6250014,1.7649999
7.6250014,1.7649999
7.6250014,1.7649999
7.6250014,1.7649999
7.6250014,1.7649999
7.6250014,1.7649999
7.6250014,1.7649999
7.6250014,1.7649999
7.6250014,1.9027777
7.6250014,2.0349998
7.6250014,2.1616666
7.6250014,2.2827778
7.6250014,2.3983333
7.6250014,2.5083332
7.6250014,2.6127777
7.6250014,2.7116666
7.6250014,2.8049998
7.6250014,2.8853853
7.6250014,2.9542851
7.628057,3.0122154
7.628057,3.060014
7.628057,3.0988243
7.628057,3.1290152
7.628057,3.151246
7.628057,3.166314
7.628057,3.1746497
7.628057,3.1767743
7.628057,3.173186
7.628057,3.1640422
7.628057,3.149343
7.628057,3.1290882
7.628057,3.1032777
7.6311126,3.0719118
7.6372237,3.0349903
7.6463904,2.9925132
7.6586127,2.970961
7.6738906,2.9709752
7.692224,2.9654195
7.713613,2.9674284
7.7380576,2.9687142
7.765558,2.9695373
7.7961135,2.970064
7.829725,2.9704008
7.8663917,2.9706166
7.906114,2.9707546
7.948892,2.970843
7.994725,2.9708996
8.03667,2.965344
8.074725,2.9673803
8.1088915,2.9686835
8.13917,2.9695175
8.165559,2.9700513
8.188059,2.970393
8.20667,2.9706116
8.221392,2.9707515
8.232225,2.9708412
8.23917,2.9708984
8.242226,2.9709349
8.242226,2.9709585
8.242226,2.9709735
8.242226,2.970983
8.23917,2.9709892
8.233059,2.970993
8.223892,2.9709957
8.21167,2.9709973
8.196392,2.9709983
8.178059,2.970999
8.15667,2.9709995
8.132225,2.9709997
8.104725,2.9709997
8.074169,2.9709997
8.0475025,2.9709997
8.024725,2.9709997
